1382645726	597270	66	tcp	790
1382645726	597270	66	tcp	2049
1382645726	816586	240	udp	17500
1382645726	816586	240	udp	17500
1382645734	252453	75	udp	53205
1382645734	252453	75	udp	53
1382645734	258390	107	udp	53
1382645734	258390	107	udp	53205
1382645734	258831	74	tcp	41204
1382645734	258831	74	tcp	443
1382645734	290399	60	tcp	443
1382645734	290399	60	tcp	41204
1382645734	290427	54	tcp	41204
1382645734	290427	54	tcp	443
1382645734	290808	250	tcp	41204
1382645734	290808	250	tcp	443
1382645734	291008	60	tcp	443
1382645734	291008	60	tcp	41204
1382645734	329974	1494	tcp	443
1382645734	329974	1494	tcp	41204
1382645734	330014	54	tcp	41204
1382645734	330014	54	tcp	443
1382645734	330396	1514	tcp	443
1382645734	330396	1514	tcp	41204
1382645734	330412	54	tcp	41204
1382645734	330412	54	tcp	443
1382645734	330491	1474	tcp	443
1382645734	330491	1474	tcp	41204
1382645734	330505	54	tcp	41204
1382645734	330505	54	tcp	443
1382645734	360258	976	tcp	443
1382645734	360258	976	tcp	41204
1382645734	360300	54	tcp	41204
1382645734	360300	54	tcp	443
1382645734	372077	252	tcp	41204
1382645734	372077	252	tcp	443
1382645734	372230	60	tcp	443
1382645734	372230	60	tcp	41204
1382645734	408251	336	tcp	443
1382645734	408251	336	tcp	41204
1382645734	410509	699	tcp	41204
1382645734	410509	699	tcp	443
1382645734	410758	60	tcp	443
1382645734	410758	60	tcp	41204
1382645734	714132	1494	tcp	443
1382645734	714132	1494	tcp	41204
1382645734	714548	1514	tcp	443
1382645734	714548	1514	tcp	41204
1382645734	714570	54	tcp	41204
1382645734	714570	54	tcp	443
1382645734	714698	310	tcp	443
1382645734	714698	310	tcp	41204
1382645734	723899	74	tcp	41205
1382645734	723899	74	tcp	443
1382645734	744277	1494	tcp	443
1382645734	744277	1494	tcp	41204
1382645734	744292	54	tcp	41204
1382645734	744292	54	tcp	443
1382645734	746939	1514	tcp	443
1382645734	746939	1514	tcp	41204
1382645734	746947	1474	tcp	443
1382645734	746947	1474	tcp	41204
1382645734	746955	54	tcp	41204
1382645734	746955	54	tcp	443
1382645734	754981	60	tcp	443
1382645734	754981	60	tcp	41205
1382645734	754994	54	tcp	41205
1382645734	754994	54	tcp	443
1382645734	755259	458	tcp	41205
1382645734	755259	458	tcp	443
1382645734	755330	60	tcp	443
1382645734	755330	60	tcp	41205
1382645734	773902	1494	tcp	443
1382645734	773902	1494	tcp	41204
1382645734	774397	1514	tcp	443
1382645734	774397	1514	tcp	41204
1382645734	774404	54	tcp	41204
1382645734	774404	54	tcp	443
1382645734	774437	1474	tcp	443
1382645734	774437	1474	tcp	41204
1382645734	775182	791	tcp	443
1382645734	775182	791	tcp	41204
1382645734	775191	54	tcp	41204
1382645734	775191	54	tcp	443
1382645734	788147	192	tcp	443
1382645734	788147	192	tcp	41205
1382645734	788161	54	tcp	41205
1382645734	788161	54	tcp	443
1382645734	805670	74	tcp	41206
1382645734	805670	74	tcp	443
1382645734	806152	74	tcp	41207
1382645734	806152	74	tcp	443
1382645734	806544	74	tcp	41208
1382645734	806544	74	tcp	443
1382645734	809249	662	tcp	41205
1382645734	809249	662	tcp	443
1382645734	809371	60	tcp	443
1382645734	809371	60	tcp	41205
1382645734	809549	619	tcp	41204
1382645734	809549	619	tcp	443
1382645734	809621	60	tcp	443
1382645734	809621	60	tcp	41204
1382645734	837816	60	tcp	443
1382645734	837816	60	tcp	41207
1382645734	837849	54	tcp	41207
1382645734	837849	54	tcp	443
1382645734	838267	458	tcp	41207
1382645734	838267	458	tcp	443
1382645734	838349	60	tcp	443
1382645734	838349	60	tcp	41207
1382645734	844516	363	tcp	443
1382645734	844516	363	tcp	41205
1382645734	845278	60	tcp	443
1382645734	845278	60	tcp	41206
1382645734	845306	54	tcp	41206
1382645734	845306	54	tcp	443
1382645734	846162	60	tcp	443
1382645734	846162	60	tcp	41208
1382645734	846199	54	tcp	41208
1382645734	846199	54	tcp	443
1382645734	846953	458	tcp	41206
1382645734	846953	458	tcp	443
1382645734	847180	347	tcp	443
1382645734	847180	347	tcp	41204
1382645734	847197	60	tcp	443
1382645734	847197	60	tcp	41206
1382645734	848343	458	tcp	41208
1382645734	848343	458	tcp	443
1382645734	848755	60	tcp	443
1382645734	848755	60	tcp	41208
1382645734	869537	192	tcp	443
1382645734	869537	192	tcp	41207
1382645734	869557	54	tcp	41207
1382645734	869557	54	tcp	443
1382645734	870608	678	tcp	41207
1382645734	870608	678	tcp	443
1382645734	870747	60	tcp	443
1382645734	870747	60	tcp	41207
1382645734	884098	54	tcp	41205
1382645734	884098	54	tcp	443
1382645734	884274	54	tcp	41204
1382645734	884274	54	tcp	443
1382645734	887047	192	tcp	443
1382645734	887047	192	tcp	41206
1382645734	887086	54	tcp	41206
1382645734	887086	54	tcp	443
1382645734	888618	192	tcp	443
1382645734	888618	192	tcp	41208
1382645734	888635	54	tcp	41208
1382645734	888635	54	tcp	443
1382645734	889550	678	tcp	41206
1382645734	889550	678	tcp	443
1382645734	889734	60	tcp	443
1382645734	889734	60	tcp	41206
1382645734	891844	678	tcp	41208
1382645734	891844	678	tcp	443
1382645734	892197	60	tcp	443
1382645734	892197	60	tcp	41208
1382645734	904715	347	tcp	443
1382645734	904715	347	tcp	41207
1382645734	933513	347	tcp	443
1382645734	933513	347	tcp	41206
1382645734	935381	347	tcp	443
1382645734	935381	347	tcp	41208
1382645734	937015	619	tcp	41205
1382645734	937015	619	tcp	443
1382645734	937436	60	tcp	443
1382645734	937436	60	tcp	41205
1382645734	938497	635	tcp	41204
1382645734	938497	635	tcp	443
1382645734	938955	60	tcp	443
1382645734	938955	60	tcp	41204
1382645734	939997	619	tcp	41207
1382645734	939997	619	tcp	443
1382645734	940243	60	tcp	443
1382645734	940243	60	tcp	41207
1382645734	972085	54	tcp	41206
1382645734	972085	54	tcp	443
1382645734	972198	54	tcp	41208
1382645734	972198	54	tcp	443
1382645734	973780	347	tcp	443
1382645734	973780	347	tcp	41205
1382645734	973797	54	tcp	41205
1382645734	973797	54	tcp	443
1382645734	974636	347	tcp	443
1382645734	974636	347	tcp	41204
1382645734	974643	54	tcp	41204
1382645734	974643	54	tcp	443
1382645734	976642	347	tcp	443
1382645734	976642	347	tcp	41207
1382645734	986678	651	tcp	41206
1382645734	986678	651	tcp	443
1382645734	986883	60	tcp	443
1382645734	986883	60	tcp	41206
1382645734	987561	651	tcp	41208
1382645734	987561	651	tcp	443
1382645734	987696	60	tcp	443
1382645734	987696	60	tcp	41208
1382645734	987979	651	tcp	41205
1382645734	987979	651	tcp	443
1382645734	988118	60	tcp	443
1382645734	988118	60	tcp	41205
1382645734	988475	651	tcp	41204
1382645734	988475	651	tcp	443
1382645734	988605	60	tcp	443
1382645734	988605	60	tcp	41204
1382645734	989218	651	tcp	41207
1382645734	989218	651	tcp	443
1382645734	989351	60	tcp	443
1382645734	989351	60	tcp	41207
1382645734	989926	75	udp	52995
1382645734	989926	75	udp	53
1382645734	993917	107	udp	53
1382645734	993917	107	udp	52995
1382645734	994166	74	tcp	60757
1382645734	994166	74	tcp	443
1382645735	23415	331	tcp	443
1382645735	23415	331	tcp	41205
1382645735	24028	60	tcp	443
1382645735	24028	60	tcp	60757
1382645735	24043	54	tcp	60757
1382645735	24043	54	tcp	443
1382645735	24330	250	tcp	60757
1382645735	24330	250	tcp	443
1382645735	24458	60	tcp	443
1382645735	24458	60	tcp	60757
1382645735	25953	331	tcp	443
1382645735	25953	331	tcp	41207
1382645735	26332	331	tcp	443
1382645735	26332	331	tcp	41204
1382645735	31664	331	tcp	443
1382645735	31664	331	tcp	41206
1382645735	31680	54	tcp	41206
1382645735	31680	54	tcp	443
1382645735	31995	331	tcp	443
1382645735	31995	331	tcp	41208
1382645735	32000	54	tcp	41208
1382645735	32000	54	tcp	443
1382645735	60016	54	tcp	41205
1382645735	60016	54	tcp	443
1382645735	63956	54	tcp	41207
1382645735	63956	54	tcp	443
1382645735	64091	54	tcp	41204
1382645735	64091	54	tcp	443
1382645735	64123	1494	tcp	443
1382645735	64123	1494	tcp	60757
1382645735	64131	54	tcp	60757
1382645735	64131	54	tcp	443
1382645735	65643	1514	tcp	443
1382645735	65643	1514	tcp	60757
1382645735	65653	54	tcp	60757
1382645735	65653	54	tcp	443
1382645735	65687	1514	tcp	443
1382645735	65687	1514	tcp	60757
1382645735	65690	54	tcp	60757
1382645735	65690	54	tcp	443
1382645735	65704	936	tcp	443
1382645735	65704	936	tcp	60757
1382645735	65708	54	tcp	60757
1382645735	65708	54	tcp	443
1382645735	69147	252	tcp	60757
1382645735	69147	252	tcp	443
1382645735	69323	60	tcp	443
1382645735	69323	60	tcp	60757
1382645735	102230	336	tcp	443
1382645735	102230	336	tcp	60757
1382645735	103946	651	tcp	60757
1382645735	103946	651	tcp	443
1382645735	104396	60	tcp	443
1382645735	104396	60	tcp	60757
1382645735	136251	331	tcp	443
1382645735	136251	331	tcp	60757
1382645735	175784	54	tcp	60757
1382645735	175784	54	tcp	443
